4294967294,0
4294967278,162
4294967294,22
4294967294,15
4294967294,915
4294967279,0
4294967278,132
4294967278,131
4294967278,130
4294967278,129
4294967278,128
4294967278,127
4294967278,126
4294967278,125
4294967278,0
4294967278,124
4294967278,123
4294967278,252
4294967278,122
4294967278,251
4294967278,121
4294967278,120
4294967278,247
4294967278,119
4294967278,118
4294967278,117
4294967278,116
4294967278,115
4294967278,114
4294967278,113
4294967278,235
4294967278,112
4294967278,233
4294967278,111
4294967278,110
4294967278,229
4294967278,109
4294967278,108
4294967278,107
4294967278,106
4294967278,105
4294967278,104
4294967278,217
4294967278,103
4294967278,215
4294967278,102
4294967278,101
4294967278,100
4294967278,99
4294967278,98
4294967278,97
4294967278,96
4294967278,95
4294967278,94
4294967278,93
4294967278,92
4294967278,91
4294967278,90
4294967278,89
4294967278,87
4294967278,86
4294967278,85
4294967278,84
4294967278,83
4294967278,82
4294967278,81
4294967278,80
4294967278,79
4294967278,78
4294967278,77
4294967278,76
4294967278,75
4294967278,74
4294967278,73
4294967278,72
4294967278,71
4294967278,70
4294967278,69
4294967278,68
4294967278,67
4294967278,66
4294967278,65
4294967278,64
4294967278,63
4294967278,62
4294967278,61
4294967278,60
4294967278,59
4294967278,58
4294967278,57
4294967278,56
4294967278,55
4294967278,54
4294967278,53
4294967278,52
4294967278,51
4294967278,50
4294967278,49
4294967278,48
4294967278,47
4294967278,45
4294967278,44
4294967278,43
4294967278,42
4294967278,41
4294967278,40
4294967278,39
4294967278,38
4294967279,134
4294967279,21
4294967279,15
4294967279,12
4294967279,11
4294967279,10
4294967279,9
4294967279,8
4294967279,7
4294967279,6
4294967279,5
4294967279,274
4294967279,4
4294967278,46
4294967278,157
4294967278,156
4294967278,155
4294967278,154
4294967278,153
4294967278,152
4294967294,7
4294967294,6
0,5
4294967294,30
4294967294,1
4294967294,46
4294967294,5
4294967294,17
4294967294,43
4294967294,388
4294967294,165
4294967294,81
4294967294,970
4294967294,68
4294967294,14
4294967294,126
4294967294,160
4294967294,12
4294967294,67
4294967294,11
4294967294,166
4294967294,24
4294967294,175
4294967294,25
4294967294,183
4294967294,26
4294967294,82
49,5
49,4
49,3
49,2
49,1
4294967294,1427
48,7
48,6
48,5
48,4
48,3
48,2
48,1
4294967279,364
4294967279,363
4294967279,362
4294967294,1426
4294967278,564
4294967294,1425
4294967279,361
4294967279,360
4294967294,1424
45,6
45,5
45,4
45,3
45,2
45,1
4294967279,359
4294967278,563
4294967294,1423
4294967279,358
4294967278,562
4294967294,1422
4294967294,1421
41,6
41,5
41,4
41,3
41,2
41,1
4294967279,357
4294967278,561
4294967278,560
4294967278,559
4294967279,356
4294967278,558
4294967279,355
4294967278,557
40,6
40,5
40,4
40,3
40,2
40,1
4294967278,556
4294967279,354
4294967278,555
4294967278,554
4294967294,1420
4294967278,553
4294967278,552
4294967278,551
38,5
38,4
38,3
38,2
38,1
4294967278,550
4294967278,549
4294967279,353
4294967278,548
4294967278,547
4294967279,352
37,6
37,5
37,4
37,3
37,2
37,1
4294967278,546
4294967279,351
4294967278,545
4294967278,544
4294967278,543
4294967279,350
4294967278,542
4294967279,349
4294967278,541
4294967294,1419
4294967278,540
4294967278,539
4294967279,348
4294967279,347
4294967279,346
4294967279,345
4294967278,538
4294967279,344
4294967278,537
4294967279,343
4294967278,536
29,4
29,3
29,2
29,1
4294967278,535
28,5
28,4
28,3
28,2
28,1
4294967279,342
4294967294,472
27,4
27,3
27,2
27,1
4294967278,534
4294967279,341
4294967278,533
4294967279,340
4294967278,532
26,5
26,4
26,3
26,2
26,1
4294967278,531
4294967278,530
4294967279,339
4294967278,529
4294967279,338
4294967278,528
4294967294,471
4294967279,337
4294967279,336
4294967278,527
4294967279,335
4294967278,526
4294967279,334
4294967278,525
4294967279,333
4294967278,524
4294967279,332
4294967279,331
22,5
22,4
22,3
22,2
22,1
4294967279,330
4294967279,329
4294967278,523
4294967279,328
4294967278,522
4294967279,327
21,5
21,4
21,3
21,2
21,1
4294967278,521
4294967279,326
4294967278,520
4294967278,519
4294967279,325
4294967278,518
4294967279,324
19,6
19,5
19,4
19,3
19,2
19,1
4294967278,517
4294967278,516
4294967278,515
4294967279,323
4294967279,322
4294967279,321
4294967278,514
4294967278,513
4294967279,320
4294967278,512
4294967278,319
4294967279,319
4294967278,318
4294967278,317
4294967279,318
4294967278,316
4294967278,315
4294967279,317
4294967279,316
4294967278,314
4294967279,315
4294967279,314
16,6
16,5
16,4
16,3
16,2
16,1
4294967279,313
4294967279,312
4294967279,311
4294967278,313
4294967278,312
4294967279,310
4294967278,311
4294967279,309
4294967278,310
4294967279,308
4294967278,309
4294967279,307
14,6
14,5
14,4
